"time","GEN","TEM","STRUCT"
0,1,1,1
1.21935561222579,3,1,468
2.22163330688877,4,1,487
3.24824451032024,4,1,497
4.31693718703164,4,1,485
5.33711004989161,6,1,493
6.22644615383464,6,2,610
7.00640934476036,7,1,594
11.0905597922052,6,1,252
12.1894204229249,8,1,462
15.0585313345086,7,1,352
16.149138953147,9,1,472
17.2192298241032,10,1,471
26.5569347664872,10,1,426
27.631324416621,10,1,493
29.0762047790545,10,1,430
31.0445927343195,9,1,204
32.103555392433,9,2,596
32.675948289023,10,2,871
33.1866669863988,11,2,930
33.7036759336561,12,2,965
34.2168245629482,13,2,966
34.7415993761168,13,1,937
35.5857858276552,14,1,552
36.5746401160476,15,1,487
40.7565119676014,14,2,531
41.3636440339098,19,2,866
41.9107571710196,20,2,949
42.3443241457722,21,3,1128
42.6968252030962,21,3,1342
43.025309028859,20,4,1497
43.3163102068469,22,4,1755
43.5811391668982,22,4,1819
43.8394635167853,22,4,1903
44.0916770948043,22,4,1991
44.3454638436547,24,4,2017
44.59166602708,24,5,2031
44.8095237362938,26,5,2241
45.0238433305441,27,5,2294
45.2670318356164,27,3,2046
45.5574532093518,27,3,1846
45.9026941780915,30,2,1496
46.3335044445526,30,2,1228
46.8022932239675,30,2,1100
47.2681345724097,30,2,1086
47.7719368863242,31,2,1003
48.2918604557583,31,2,931
48.7957187123226,30,2,967
49.2899070743573,32,2,1017
49.6848321851426,31,3,1270
50.006011883084,31,4,1522
50.2804297722074,32,4,1741
50.5881573047548,34,3,1690
50.9036918185879,35,3,1563
51.2291038026775,37,3,1559
51.5576495735143,37,3,1547
51.9065325812301,37,3,1511
52.2586325301557,36,3,1431
52.5624855907223,36,4,1623
52.8264449618196,37,5,1816
53.0669334248575,38,4,1992
53.3168592988969,37,5,2041
53.5316088965337,37,5,2223
53.7455745133541,37,5,2353
53.9488807469733,37,5,2383
54.1598301061271,37,5,2315
54.3862850191592,39,3,2203
54.6824511802545,40,3,1902
54.9863566853295,42,3,1722
55.3339851919439,43,4,1556
55.6045158728299,45,4,1780
55.9116616323803,44,3,1623
56.2241326474399,45,4,1630
56.5325524772001,47,3,1625
56.8685005820819,46,3,1547
57.2118250076755,49,3,1486
57.5459022126195,50,3,1563
57.8781591506057,52,3,1555
58.2132780969946,51,2,1471
58.7021246375292,52,1,993
59.285227854391,51,2,932
59.7068100019835,52,2,1154
60.0409850067006,51,4,1475
60.3149515264099,53,4,1691
60.5781023019934,54,4,1856
60.8307754712738,52,5,1997
61.0419165022892,52,6,2208
61.2142468387876,51,7,2539
61.3757967106556,53,7,2777
61.5294275665704,53,7,2974
61.6874834870844,53,6,3114
61.8521353265344,54,6,3093
62.0028741928196,55,7,3212
62.151476295718,55,7,3230
62.2977835338562,57,7,3326
62.4422292549748,58,7,3295
62.5944415598249,58,7,3357
62.7355421529384,55,9,3499
62.8564641956389,56,9,3764
62.9748121363317,57,8,3900
63.0968207599669,59,9,4022
63.209942569778,60,9,4171
63.3248167457915,61,9,4224
63.447677644683,62,9,4355
63.5591524032424,63,10,4384
63.6618203700883,65,10,4508
63.7688133217294,68,10,4565
63.8712922943958,68,10,4635
63.9792319845897,69,9,4616
64.0921139315945,69,8,4577
64.2098091277321,69,8,4459
64.3289465872311,70,8,4378
64.4562929756316,69,7,4311
64.579685873662,69,8,4215
64.7021404401516,69,8,4202
64.8260796255124,72,8,4125
64.946354967102,73,8,4048
65.0709584096887,73,8,4069
65.1983362217296,74,8,4072
65.3192428864955,75,8,4101
65.4446331187699,76,8,4026
65.5733607645435,76,7,4000
65.7074086208818,78,7,3872
65.850659148485,79,7,3793
65.9917900939812,79,7,3722
66.1332734878093,80,6,3584
66.2873653283049,80,5,3348
66.4621170189354,82,5,3142
66.6594323260248,81,3,2812
66.9154681569113,81,2,2197
67.2556802501455,80,2,1631
67.6861106932209,81,2,1282
68.1285812639912,80,3,1202
68.5392087313422,81,2,1155
68.9720583579602,82,3,1132
69.4080264476581,81,2,1093
69.890560212486,82,2,1089
70.3655575461717,84,2,1047
70.8728190741678,85,3,1043
71.2267508231188,84,4,1404
71.4840730893982,83,5,1779
71.6924666364909,86,6,2174
71.8666441923332,85,7,2539
72.0303198544133,85,7,2769
72.1879170489641,86,7,2977
72.3379434994812,86,7,3133
72.4898866970623,87,8,3284
72.6256802525516,87,8,3442
72.7653237878637,85,8,3540
72.8952139454881,85,8,3682
73.035180227291,85,7,3637
73.1752436657704,87,7,3635
73.3177779035255,88,7,3574
73.4565829409692,87,8,3583
73.585862362474,88,8,3648
73.7229143506925,89,8,3740
73.8602144602631,90,7,3764
73.9960357726777,91,7,3771
74.1331319647996,88,8,3720
74.2587731870772,87,9,3795
74.3760128055493,88,8,3897
74.5037522011655,89,8,3962
74.6283409560847,89,9,4004
74.7436992931851,88,10,4125
74.8516195726276,89,10,4268
74.9582025887055,93,10,4432
75.0638113730217,94,10,4579
75.1632512229562,94,11,4702
75.2626952486818,94,11,4828
75.3640067095008,94,10,4930
75.4650703691943,95,10,5017
75.56268404239,96,11,5074
75.6567405906119,95,12,5129
75.7448181663886,97,12,5249
75.83005241966,99,12,5453
75.9193252698063,100,12,5564
76.0023299833511,101,12,5669
76.0894677671437,104,11,5667
76.1772020775522,105,11,5650
76.2657681709738,107,11,5645
76.3563651999704,105,10,5552
76.4514297141304,104,10,5466
76.5455384529531,104,10,5384
76.645429759172,104,10,5298
76.7375249459106,103,10,5250
76.8314158752719,101,10,5224
76.9289546971446,100,11,5167
77.0233053964579,100,11,5205
77.1230751217848,99,11,5171
77.2167985917524,97,12,5233
77.3030515334104,98,12,5358
77.3890325318387,100,12,5416
77.4763184621834,102,12,5522
77.5616798602333,105,12,5653
77.6456031283871,106,12,5686
77.7342072863173,108,12,5705
77.8224058916305,108,12,5799
77.9056255447638,108,12,5843
77.9925581371432,109,12,5894
78.0784209156911,110,11,5932
78.1681192319641,110,11,5864
78.2567471625733,112,11,5823
78.3497735730723,112,9,5679
78.4439829407429,109,10,5546
78.5429256504186,109,9,5335
78.6413404835127,109,9,5189
78.7430904122704,111,9,4963
78.8531255573963,111,9,4947
78.9607437918497,111,9,4846
79.071659698297,111,9,4752
79.1798546996771,113,9,4723
79.2898957908461,115,9,4660
79.3953670952596,115,10,4654
79.5019627027733,115,10,4736
79.6104344671001,115,10,4766
79.7125112627287,115,10,4830
79.8143884703623,116,9,4878
79.9219137772197,116,9,4837
80.0353259522498,117,8,4598
80.1534152251372,117,8,4492
80.2727700801323,117,8,4381
80.3864235119635,119,8,4237
80.5137430815366,119,7,4093
80.6509186413721,120,7,3964
80.7840983212257,121,7,3783
80.9218284217225,121,7,3704
81.0538139822387,121,8,3746
81.1847821419455,120,9,3804
81.3029838451344,120,9,3976
81.4220989961514,120,9,4114
81.5375068535126,120,9,4224
81.6499571629249,119,10,4227
81.7627875203192,119,10,4372
81.871353172746,121,10,4452
81.9777460447689,123,10,4550
82.0830334532524,124,10,4679
82.1861389347268,125,10,4751
82.2839799512566,125,10,4795
82.3843865153297,125,10,4833
82.4843584601402,125,10,4868
82.5953227036092,125,8,4733
82.7177077968702,125,7,4528
82.8405278733252,127,7,4362
82.971367830842,126,7,4090
83.1034593461786,126,7,3958
83.2364488018956,126,7,3872
83.3713956575897,126,7,3758
83.5066530399489,125,7,3762
83.6476294210066,127,7,3737
83.7852913488822,121,10,3722
83.9001301907939,120,10,4012
84.0131037339854,121,10,4181
84.1189264390919,123,10,4283
84.2266215796325,126,10,4396
84.3314113551473,126,10,4531
84.4375390089241,125,10,4626
84.5479207497832,127,9,4611
84.6540084581698,128,9,4528
84.7647490621821,127,10,4610
84.8656897172778,128,10,4715
84.9697511240813,128,10,4797
85.0727174903712,127,10,4821
85.1755174874042,128,10,4860
85.2763905687845,127,10,4864
85.3767474713134,127,10,4863
85.4715695638128,125,12,4998
85.571616406315,127,10,5096
85.6737451369144,127,10,5128
85.7718262247825,129,10,5163
85.8698902227699,129,10,5078
85.9696413358734,129,10,5135
86.061228823129,128,11,5184
86.1548086650495,128,11,5212
86.2460681426981,127,11,5250
86.3413268803464,126,11,5293
86.4337661215119,127,11,5284
86.523470110324,124,12,5315
86.6099704570177,125,13,5398
86.6930225777527,127,13,5584
86.7738749625841,125,14,5797
86.8513081572905,126,14,5986
86.9267029179848,127,15,6173
86.9976521312192,126,16,6373
87.0671313856104,128,15,6672
87.1390773798454,131,14,6714
87.2147833910319,132,14,6719
87.2882840281446,133,14,6828
87.3579268389473,137,15,6952
87.4245987556781,139,16,7131
87.4906891508864,140,16,7249
87.5573981506478,143,15,7399
87.6259538709251,143,15,7426
87.6934752657574,143,15,7456
87.7623203381112,142,15,7434
87.8278039868459,140,15,7422
87.8940620686662,139,16,7443
87.9587308236932,139,16,7583
88.0205638356814,138,16,7669
88.0806536152366,138,16,7649
88.1432721435075,140,16,7725
88.2080939199181,139,15,7704
88.2744846400089,139,15,7652
88.3382927921566,139,15,7656
88.4044042805196,141,15,7718
88.4694456440704,141,14,7673
88.5339808797812,140,15,7688
88.6008399998394,139,16,7685
88.6637435696283,140,15,7719
88.7267482668825,140,15,7668
88.7943224154862,140,14,7615
88.8637505969336,139,14,7553
88.9287200538022,139,15,7514
88.9944547851877,139,15,7516
89.0613110310016,139,15,7475
89.1264924952357,138,16,7543
89.1930032936195,138,16,7647
89.2578997595247,138,16,7757
89.3197614459884,140,16,7711
89.3839814154763,140,16,7758
89.4486005054236,139,16,7795
89.5099368125418,140,16,7824
89.5717492928004,139,17,7816
89.6339580646789,142,17,7973
89.6947214353081,143,17,8046
89.7562333057356,144,17,8151
89.8209930718927,145,16,8060
89.8840069623163,143,17,8071
89.9440391215256,144,17,8068
90.0073873145923,147,16,8014
90.0720843592771,146,17,7989
90.1343610698915,146,16,8008
90.1969123990298,147,16,7998
90.2594256059054,148,16,7915
90.3242510094526,149,15,7899
90.3900337726805,150,15,7848
90.4562384727791,151,15,7763
90.5203679506501,153,15,7795
90.5862178399921,153,15,7771
90.6515045169347,155,15,7807
90.715123229171,155,16,7843
90.7782556093793,155,16,7838
90.8391798864212,155,16,7810
90.9003809997704,155,16,7768
90.9622620284928,155,16,7882
91.0262729168316,156,16,7884
91.0886005382747,156,16,7870
91.1499859344098,157,16,7945
91.2128318483148,158,16,7924
91.2734887531267,158,16,7922
91.3376537615248,159,16,7960
91.3999203815706,160,18,8012
91.4580833408888,162,18,8176
91.516182855452,164,18,8281
91.5734481118074,164,18,8345
91.6335199402995,163,18,8425
91.6891267797919,162,20,8428
91.7461041202184,162,18,8485
91.8048555685066,163,17,8523
91.8613501983234,160,18,8562
91.9182046694618,160,18,8663
91.9749356083621,160,18,8674
92.0284702271341,158,18,8756
92.0858998101822,158,18,8760
92.1428803609152,159,19,8795
92.196891604905,160,19,8822
92.2518621889997,161,19,8873
92.3026552927198,161,20,8969
92.35355181882,162,20,9076
92.4072996869398,162,20,9188
92.4591732781427,161,20,9280
92.5127499796606,164,20,9395
92.5643957249872,164,20,9489
92.6160093129478,162,20,9559
92.6677199521835,161,19,9622
92.7182367814785,164,19,9655
92.7703599176833,165,19,9712
92.820162415399,164,20,9711
92.8706282211312,164,20,9624
92.9213401467729,164,20,9638
92.9706501761391,163,19,9687
93.0234474706673,164,18,9640
93.0782988923607,164,18,9556
93.134146663014,164,18,9542
93.1865980210165,168,18,9476
93.2383423091028,169,18,9436
93.2929472791729,170,18,9434
93.3473398379868,169,18,9427
93.4005658714699,169,17,9345
93.4574416221826,168,16,9184
93.5143606270846,169,16,9077
93.572414551943,168,15,9014
93.6325759826671,168,15,8880
93.6938486333724,168,15,8756
93.7523829338229,167,16,8677
93.8116996256591,167,17,8691
93.8665974915226,169,16,8712
93.9248535661934,170,16,8673
93.9849469411867,171,15,8493
94.0466639015939,171,15,8360
94.1106155150929,175,14,8261
94.1765382148802,175,14,8137
94.2426793101394,176,14,8016
94.3101389099686,175,14,7958
94.3788305214942,174,15,7793
94.4441814134633,173,15,7762
94.5101266845169,173,15,7776
94.5737953157941,172,15,7690
94.639139962294,171,15,7712
94.7049153673004,173,15,7746
94.7711062314812,173,14,7668
94.8418355874684,174,13,7528
94.9155582908497,174,13,7417
94.9901270475494,175,13,7312
95.0610587445207,175,14,7232
95.1274747708912,174,14,7324
95.1971169272283,175,14,7271
95.2668426680271,176,14,7287
95.3377381126565,172,14,7231
95.4055400511028,172,15,7347
95.4721960668164,173,15,7370
95.5374401813664,171,16,7401
95.6023839269156,171,16,7493
95.6666358009871,172,16,7524
95.7322135544274,174,16,7634
95.7959725264388,175,16,7639
95.8604626535747,174,16,7674
95.9236392212561,175,16,7738
95.9853987619066,177,15,7702
96.0520039944502,177,15,7743
96.1171464633968,177,15,7694
96.1789765567998,177,16,7714
96.2409998874608,178,16,7805
96.3034334801716,177,16,7871
96.364581204416,179,16,7821
96.4334265999059,179,15,7879
96.5005015551439,178,14,7846
96.5696591831826,177,14,7764
96.6351443139332,175,14,7622
96.7058983228904,174,13,7530
96.7757684782482,174,13,7353
96.8482430305489,173,13,7263
96.9254998515058,173,13,7086
96.9972596648388,171,14,7095
97.0661418264352,172,14,7106
97.1361261080714,173,14,7153
97.2058844173285,173,14,7225
97.2743888868813,174,14,7247
97.3464125048049,173,15,7193
97.412790259582,174,16,7252
97.476146094209,172,17,7431
97.5359735103642,172,17,7566
97.6008695200983,172,16,7635
97.6618119125825,170,17,7730
97.7252977561214,169,17,7860
97.7870246903462,168,18,8024
97.8462326413753,167,18,8150
97.9039564272238,171,18,8240
97.9646728203513,171,17,8261
98.0287754447875,171,16,8252
98.0929742998952,173,15,8221
98.1607521779625,176,12,8071
98.2284171553022,176,13,7807
98.30166311709,176,12,7699
98.3767529385301,175,12,7397
98.4471100375181,175,13,7265
98.5178634030406,173,14,7274
98.5872043844848,172,14,7318
98.6562021483314,171,14,7282
98.7278096054101,170,15,7301
98.7974766776216,169,15,7398
98.8678412231848,173,14,7381
98.9383256828946,174,13,7259
99.0112151958334,173,13,7135
99.088648317787,173,12,7018
99.1654061212422,173,12,6924
99.2414590016269,174,12,6797
99.3203956165118,175,12,6750
99.3993847400801,177,12,6627
99.4798435313577,177,12,6471
99.5582471516525,177,13,6446
99.6342117373865,177,13,6393
99.7082903052247,176,14,6552
99.7818493182519,175,15,6595
99.8520710661602,174,15,6733
99.9186294580191,175,16,6862
99.9861409344365,174,17,7072
100.050446211574,174,17,7170
100.112463265243,174,17,7338
100.176492275767,174,17,7542
100.239454190173,177,18,7721
100.299171829095,176,18,7899
100.359912611574,178,18,7999
100.415924102723,178,19,8140
100.47219025606,178,19,8288
100.528282076136,177,18,8345
100.587220221822,178,18,8425
100.644990381809,178,18,8499
100.702902041463,179,18,8528
100.759649611106,180,18,8599
100.816581387358,178,19,8706
100.87009821435,179,19,8823
100.923340812652,178,21,8840
100.974836788571,175,23,9074
101.022213239727,177,23,9294
101.070674182744,178,23,9482
101.117177872924,178,23,9706
101.165811875494,180,23,9797
101.212373682924,182,23,10001
101.257536685639,182,23,10181
101.30416327068,180,23,10271
101.348071138476,181,23,10344
101.394119453281,181,23,10429
101.440250617483,181,23,10548
101.485296346209,180,23,10625
101.530737189657,184,23,10641
101.576634133937,184,24,10698
101.621148242854,187,23,10830
101.664538926127,184,24,10840
101.709876656013,183,24,10936
101.753121538533,184,23,11050
101.796458441373,182,23,11019
101.841466329384,183,22,11127
101.886696909344,184,22,11169
101.92978431049,185,22,11168
101.975736787981,188,22,11097
102.022752588197,189,21,11083
102.068720685393,193,21,11085
102.114091372199,194,21,11021
102.160479699438,194,21,11015
102.208446085932,193,22,10953
102.252360373296,192,22,10951
102.296039976487,190,22,10975
102.342053374547,191,22,10930
102.388488567488,190,22,10888
102.433359321736,188,22,10895
102.479936181744,188,22,10975
102.526779629951,189,22,11032
102.571531633253,187,22,10979
102.617568534829,186,22,10983
102.662609351951,187,22,11020
102.708469958152,187,21,10956
102.754286810344,184,21,10912
102.80388164027,183,21,10854
102.850491228157,182,21,10870
102.894971198863,182,21,10796
102.943004118397,182,20,10692
102.991580371611,182,20,10648
103.039709112839,183,21,10609
103.086375956079,185,22,10575
103.133447261491,184,21,10480
103.180953742867,187,21,10511
103.228396397198,185,21,10547
103.273800678539,187,21,10539
103.321758920552,186,21,10565
103.370201772042,186,21,10541
103.417107159659,185,21,10546
103.465623591685,186,21,10533
103.512708061622,188,21,10567
103.559534933451,187,22,10627
103.606618931536,189,22,10728
103.651624908864,187,22,10720
103.697579995012,187,22,10838
103.744386756744,187,21,10869
103.790566483016,186,21,10841
103.839022648227,185,21,10835
103.888092722211,187,21,10823
103.932952910289,188,21,10768
103.980234877561,189,21,10725
104.027531178031,189,21,10719
104.073675922697,189,22,10758
104.118493418891,189,22,10810
104.163339688907,190,22,10843
104.209293452798,189,22,10791
104.255809234032,190,22,10792
104.302705556089,189,23,10769
104.347942174949,187,23,10819
104.393324516289,185,24,10862
104.437529396812,189,24,10932
104.480295930637,188,24,11068
104.524568258646,188,23,11097
104.569831218207,189,22,11089
104.613468906064,192,22,11018
104.660040771624,193,22,11055
104.704333752197,192,21,11094
104.750512277031,192,20,11010
104.799554509026,193,20,10969
104.848390929756,193,19,10897
104.896915174893,196,19,10792
104.948187375844,196,19,10704
104.99682643836,194,19,10608
105.046156809072,193,19,10500
105.096748274504,195,18,10367
105.148325909589,194,18,10280
105.202606228476,195,18,10143
105.25365554916,196,19,10034
105.305282537647,195,19,10012
105.355770799286,195,19,9987
105.408327799399,195,19,10043
105.459723528895,197,19,10070
105.51070647338,198,21,10071
105.558178795831,195,23,10165
105.605432692984,194,22,10333
105.651065149673,192,23,10462
105.69563451958,192,23,10544
105.740269727896,191,24,10541
105.782925371908,192,24,10732
105.828614735482,191,25,10810
105.870671460006,188,27,10961
105.911465288458,187,27,11139
105.951144146332,187,27,11340
105.993366351335,185,27,11432
106.033956031518,188,27,11607
106.076547355718,189,27,11732
106.116624308381,189,27,11859
106.155897291042,189,28,11956
106.195681883579,188,28,12180
106.233448237346,189,27,12272
106.27313829139,189,26,12319
106.313030071147,188,26,12369
106.35162211443,187,26,12417
106.390420536814,189,26,12442
106.43023258069,189,27,12435
106.468665850371,190,27,12516
106.506172333802,190,28,12606
106.543554920487,191,28,12645
106.582746339016,190,26,12665
106.621416276341,190,26,12683
106.659419615829,191,25,12647
106.699616268646,191,25,12652
106.738993547328,192,24,12624
106.780633771335,192,23,12553
106.821577374932,192,23,12465
106.86285923675,192,23,12455
106.903780220253,190,24,12372
106.945741276632,191,24,12307
106.987615972443,189,24,12255
107.029129419524,186,25,12158
107.070079949315,184,25,12224
107.109051119995,182,26,12305
107.147009984065,181,26,12277
107.1863874192,179,27,12291
107.224634568178,181,26,12348
107.265144319456,183,25,12345
107.306111546888,181,26,12353
107.346066464659,179,27,12374
107.384293706759,178,27,12495
107.422695795449,178,27,12584
107.461789997127,178,27,12578
107.499726855739,178,27,12684
107.53778785446,179,27,12728
107.576271971553,179,27,12743
107.614372000338,179,27,12763
107.652960152451,180,27,12882
107.68938700539,183,27,12949
107.726773669136,183,27,12986
107.764686067373,183,27,12992
107.802965142685,185,26,13017
107.841676630305,185,26,12998
107.879799213515,181,28,12988
107.916491518276,182,29,13129
107.95298577463,180,29,13265
107.98899071876,179,29,13340
108.02477110556,182,29,13455
108.061109914084,181,29,13511
108.096690513682,182,28,13539
108.132499414262,182,28,13563
108.16937271264,182,29,13542
108.206032961669,182,28,13629
108.243807136563,181,28,13655
108.277838191013,181,28,13650
108.313951473343,179,28,13706
108.351423589314,179,27,13718
108.387776639485,180,27,13688
108.423301141357,179,26,13665
108.458417897397,180,27,13610
108.495090988108,180,26,13601
108.531665947437,178,26,13483
108.570141696281,178,25,13465
108.606961976485,180,24,13418
108.646294554801,181,24,13261
108.685356446444,181,24,13200
108.724768934566,181,24,13108
108.763575602284,182,24,12974
108.804608615419,184,24,12863
108.845338763187,184,24,12811
108.884995743992,185,24,12724
108.925241519534,184,23,12589
108.967651119278,183,23,12495
109.009418909731,183,24,12411
109.051768231471,184,24,12302
109.091839905643,183,24,12230
109.132795273613,185,24,12218
109.174709671709,185,23,12132
109.216559881899,183,23,12106
109.261073404172,185,22,12089
109.305985386684,184,21,11953
109.352232668312,184,21,11771
109.399197381654,184,20,11544
109.444195605799,182,21,11409
109.492891605836,180,19,11291
109.542843068792,181,19,11146
109.592265442794,179,19,10932
109.641293492879,179,19,10742
109.692294960555,178,18,10667
109.74262327593,178,18,10485
109.791875802431,178,18,10360
109.843069414365,180,18,10174
109.897292812585,180,18,10028
109.950236273883,179,17,9980
110.005370474987,178,17,9827
110.056940293582,177,18,9718
110.111769141707,176,17,9589
110.168237259441,175,17,9481
110.225212550555,173,17,9404
110.280847836142,175,17,9330
110.335494871302,176,17,9307
110.39201353998,177,17,9195
110.451281465767,179,17,9063
110.508271086045,179,17,8960
110.566306473563,179,17,8896
110.623409454486,177,17,8874
110.682874709446,179,17,8728
110.738797810066,180,18,8715
110.796926315968,179,19,8841
110.847974320956,175,20,8958
110.90083596883,176,21,9171
110.952890873614,176,20,9318
111.006241620207,178,19,9341
111.058970896995,180,19,9371
111.111334179434,178,19,9336
111.166968646036,179,18,9291
111.224346637503,178,17,9137
111.280103700661,177,17,8971
111.33929546797,177,17,8912
111.396266025273,178,17,8871
111.454835118584,178,17,8807
111.512573281362,179,15,8740
111.5762488799,180,15,8537
111.643602616647,180,13,8385
111.710982644458,184,13,8231
111.780612240349,181,13,7923
111.850859482368,181,13,7719
111.923087429079,182,13,7526
111.992553714579,182,13,7330
112.064572689317,182,14,7214
112.135961923958,184,14,7170
112.206075616259,185,14,7138
112.279598458749,183,15,7079
112.351363792019,182,15,7133
112.419445624165,182,16,7191
112.481933030224,180,18,7457
112.544322348762,182,16,7555
112.608378797082,182,16,7593
112.669158062601,179,17,7799
112.727820514258,179,17,7923
112.788978063523,178,17,8041
112.850540586254,179,16,8051
112.911116901038,181,16,8058
112.972078175922,179,17,8080
113.030330965336,180,19,8207
113.086915633541,181,19,8348
113.141069793165,183,19,8529
113.196581049142,182,19,8647
113.25249605366,180,19,8787
113.307188557629,181,19,8850
113.362990366295,181,19,8921
113.416039796353,178,20,8938
113.470015455027,179,20,9167
113.522866460411,178,21,9236
113.572471004843,182,21,9378
113.62249764996,185,22,9437
113.670096527396,187,22,9571
113.716228310932,186,24,9654
113.760767891245,187,24,9851
113.806592741641,188,25,10136
113.850010223321,188,25,10324
113.893640198242,188,25,10464
113.937329426789,187,26,10713
113.979651688554,189,25,10881
114.02179224595,187,25,11038
114.064534080837,186,26,11225
114.106629184431,190,26,11352
114.146535312112,191,26,11429
114.187714436663,193,26,11579
114.227343124124,193,26,11695
114.268728802363,193,26,11754
114.310028234486,194,27,11887
114.349685437809,192,27,12042
114.390251783422,195,27,12157
114.428613798609,194,28,12276
114.467736174222,196,27,12339
114.506380587335,196,28,12494
114.54476482858,197,28,12561
114.582847313202,198,28,12702
114.620473051264,199,28,12746
114.658012807424,199,27,12837
114.696067442875,198,28,12941
114.731574166768,199,28,13048
114.76899931369,199,28,13146
114.804940831565,198,29,13251
114.842580556644,198,29,13353
114.878775325963,198,29,13357
114.914146084405,200,29,13481
114.949983487152,201,29,13558
114.985301980507,201,28,13579
115.022157265895,202,28,13610
115.05849924,202,27,13629
115.094891260625,202,27,13555
115.130576223874,201,28,13568
115.166125371076,202,28,13577
115.202384451915,200,28,13631
115.237914909117,203,28,13613
115.275412647169,201,28,13713
115.311127616168,203,28,13771
115.346581355591,205,28,13839
115.382920674973,205,29,13855
115.418394576684,205,28,13855
115.453180860888,207,28,13907
115.489174297022,207,28,13837
115.525636196993,208,27,13753
115.56408872249,209,26,13742
115.601965416191,208,27,13721
115.638130202386,210,28,13709
115.674903280596,210,29,13707
115.710966547563,210,29,13801
115.747526672487,211,29,13837
115.781711633464,212,29,13908
115.815847753341,211,29,13970
115.849792574144,209,29,14016
115.884884570543,208,29,14066
115.919738580958,206,29,14048
115.954616944466,207,29,14031
115.990691104631,207,28,14040
116.025914272504,206,29,14045
116.062586937287,206,30,14069
116.097730033243,207,30,14129
116.131601656596,206,30,14189
116.16465004924,205,31,14189
116.197745396712,209,30,14256
116.230808993618,212,30,14217
116.264666673066,213,30,14186
116.298936505079,214,30,14257
116.332350290843,215,30,14352
116.366606140914,214,28,14354
116.402280662805,213,28,14312
116.437064501669,212,28,14224
116.472473352028,213,27,14174
116.50990822252,214,26,14135
116.548338255414,215,26,14120
116.585660460666,216,26,14011
116.62302030668,216,26,13926
116.66149598489,215,26,13848
116.698986150502,214,26,13808
116.737541997267,213,26,13772
116.773680162449,214,26,13703
116.813278146237,214,25,13689
116.851658789877,213,25,13571
116.890998728586,214,25,13491
116.929395676496,215,25,13426
116.968819564584,216,24,13297
117.008302514401,215,24,13153
117.048185558998,216,24,12996
117.090290690439,215,24,12928
117.13173753531,212,24,12868
117.171447280181,214,23,12843
117.213145742468,213,24,12734
117.25237776404,214,24,12668
117.292681806324,215,24,12661
117.33278633938,214,25,12680
117.371508890539,216,25,12608
117.411215334297,218,25,12590
117.450227837191,219,25,12611
117.490767980107,218,26,12592
117.530864755873,219,26,12555
117.569359985393,221,26,12536
117.608587369441,221,26,12570
117.648091578253,221,26,12576
117.687455435949,222,26,12641
117.72605738903,223,26,12691
117.765445548862,222,26,12715
117.80337053623,221,24,12771
117.843071885825,220,24,12744
117.884631361453,222,24,12710
117.926167524033,221,24,12672
117.967586732962,223,24,12654
118.008303574015,225,24,12596
118.049373705358,225,24,12598
118.088466700533,222,24,12559
118.129464312284,222,24,12469
118.171874608972,224,23,12362
118.211397631941,222,25,12338
118.252219292509,222,24,12404
118.292254789966,223,24,12311
118.333744999044,223,24,12266
118.373510530823,220,25,12353
118.415482363547,220,25,12272
118.455372669033,218,25,12193
118.495886863119,218,25,12303
118.536772243172,219,24,12307
118.57786746373,215,25,12326
118.617640366675,213,25,12338
118.658173158326,214,25,12297
118.698352955441,214,25,12345
118.739356577973,212,25,12381
118.780896767755,211,25,12416
118.819715034842,211,25,12422
118.859279185992,208,24,12416
118.899054284803,208,25,12361
118.93947356777,209,26,12430
118.979039651808,208,26,12523
119.017772549237,208,26,12528
119.057976908929,208,26,12552
119.096297553736,206,26,12667
119.133585061791,204,26,12676
119.17345982292,203,26,12715
119.214294204561,203,24,12643
119.254318454509,203,24,12623
119.296418813284,204,24,12649
119.336649831092,204,24,12622
119.376216307459,205,24,12570
119.417176901607,205,24,12581
119.456972675602,204,25,12575
119.495579568125,204,25,12546
119.535813995447,203,26,12529
119.575074575629,203,27,12573
119.612298419913,201,27,12685
119.651765465803,202,27,12752
119.690381677841,205,26,12768
119.728988689176,205,26,12750
119.766977184926,205,26,12709
119.805677825728,206,26,12718
119.844319063466,204,27,12743
119.883463743973,207,26,12861
119.921779070853,207,26,12812
119.959783918522,207,26,12799
119.997886159674,206,27,12847
120.035553353009,208,27,12922
120.074173670299,208,27,12998
120.11245498324,210,27,12999
120.150610063229,212,27,12907
120.188892404467,211,27,12929
120.227696499416,210,26,12926
120.265553259046,212,26,12874
120.303919783973,211,26,12872
120.342398677351,213,26,12880
120.380649428516,214,26,12866
120.419858554641,211,26,12922
120.459870563427,211,26,12871
120.498424763167,212,27,12912
120.536123909547,212,27,12956
120.57621692223,212,27,13047
120.614004665692,211,27,13075
120.651386995521,209,27,13063
120.689504706686,207,27,13193
120.72625391937,207,27,13242
120.76590431626,207,27,13255
120.801859573632,207,27,13239
120.837787121631,209,26,13164
120.876256342745,208,26,13204
120.91372987455,203,27,13287
120.950802789786,205,27,13396
120.988794828629,206,26,13382
121.027347821059,208,26,13401
121.065748534813,209,26,13302
121.102454127735,206,29,13385
121.13851741694,204,28,13497
121.174219618768,204,28,13522
121.211164615341,203,28,13573
121.245003718256,203,28,13633
121.279325678869,204,28,13652
121.315693141548,208,29,13639
121.350926350809,207,29,13635
121.386948580008,208,29,13655
121.422437755091,209,28,13689
121.45819529078,210,28,13668
121.494480443046,208,28,13670
121.531244864493,208,28,13592
121.569004671773,208,27,13656
121.606697836588,208,27,13594
121.644290396631,208,28,13556
121.67957490047,208,28,13608
121.716186298666,206,28,13696
121.752457697444,207,27,13724
121.788170564197,209,26,13720
121.825581291352,210,25,13646
121.865011325372,210,25,13489
121.903567005995,207,26,13412
121.942114707425,208,26,13386
121.979530625684,209,25,13407
122.018346217246,208,24,13338
122.057069294239,209,25,13260
122.097508557169,210,24,13164
122.138981113156,210,24,13022
122.179598346178,210,24,12923
122.217850973477,210,24,12874
122.257481415459,211,24,12858
122.298832393131,212,23,12818
122.34052995617,212,23,12728
122.382217824221,212,22,12665
122.42553027412,212,22,12536
122.468600924865,212,23,12436
122.50931590613,212,24,12348
122.551262408362,213,24,12309
122.591188361725,211,25,12354
122.630184068353,209,26,12395
122.669959845469,209,26,12472
122.710208277366,207,26,12494
122.749175029598,210,27,12531
122.788502460588,211,26,12607
122.827876983143,210,26,12669
122.865009015258,210,27,12646
122.903129917248,210,27,12762
122.940096399495,210,27,12853
122.978428471618,215,27,12882
123.017235081009,215,27,12911
123.057787558446,215,27,12917
123.095193946194,215,27,12989
123.132960287876,217,27,13071
123.171973029858,216,26,13128
123.209859354441,218,26,13163
123.247602365619,217,26,13140
123.285584308225,218,26,13215
123.323510423543,215,27,13168
123.360958392805,217,28,13182
123.397846843095,215,28,13228
123.433537491291,214,28,13311
123.469293578781,213,28,13349
123.507156358194,212,28,13425
123.544480145328,212,28,13431
123.580779599085,213,28,13531
123.61695636902,214,28,13528
123.65299758272,215,28,13645
123.688996441662,216,28,13700
123.726957768685,217,27,13732
123.763902503086,216,28,13720
123.800024466404,215,28,13710
123.83574559082,214,27,13729
123.871940693553,214,27,13681
123.908248643549,213,27,13635
123.945146976512,214,27,13661
123.982215277605,215,27,13614
124.017717585996,216,28,13565
124.053484449199,215,28,13594
124.089994160534,215,28,13671
124.12752285007,215,27,13651
124.164353288095,215,27,13653
124.199839379387,216,27,13666
124.236188548808,215,27,13588
124.274012784199,216,27,13629
124.311552144382,216,27,13623
124.348949053354,218,27,13653
124.385004975615,218,27,13689
124.42271925644,218,26,13653
124.459566218965,218,26,13567
124.496725898114,218,26,13576
124.534687445649,218,25,13594
124.57336507282,217,24,13547
124.611990838087,214,26,13480
124.649381422139,214,26,13439
124.687737163438,215,26,13450
124.726429012631,217,26,13416
124.764958657646,216,27,13408
124.80182542384,213,27,13445
124.837811365629,213,27,13462
124.874344975118,212,27,13466
124.912821561895,215,27,13584
124.949881581896,215,25,13621
124.987412068182,216,26,13596
125.024574682009,215,26,13598
125.062191413423,215,26,13559
125.09895088225,212,26,13529
125.136354731573,213,26,13506
125.17384878984,212,28,13495
125.209822289842,211,28,13623
125.247419886826,211,28,13640
125.282266100527,211,28,13748
125.318371510646,210,28,13790
125.353506572253,210,28,13846
125.389276665837,210,28,13802
125.425837045423,211,28,13801
125.462014836212,209,29,13850
125.498491768401,209,28,13889
125.533933806306,209,27,13893
125.569584622096,210,27,13900
125.60622848239,210,27,13867
125.643260165712,209,26,13750
125.68167530437,209,26,13634
125.719890631148,209,26,13581
125.75760568755,214,26,13530
125.795354139892,213,26,13537
125.831672482011,211,27,13472
125.869643596602,210,26,13416
125.907639201241,211,26,13341
125.945865725217,210,27,13318
125.981655657389,208,27,13286
126.018376906495,209,27,13297
126.055303178712,213,27,13345
126.093218440854,214,27,13387
126.131217613178,214,27,13386
126.169087264892,216,27,13390
126.2047062888,216,27,13410
126.240780449746,214,26,13419
126.279103409574,212,26,13371
126.31796684871,213,26,13334
126.35604541802,213,26,13342
126.393651696489,214,26,13294
126.433232581664,214,25,13259
126.473162326121,215,25,13186
126.512949737076,214,25,13154
126.551703759134,214,25,13072
126.591493468305,214,25,12973
126.628955493592,211,26,12955
126.666851008295,209,26,12959
126.706879748779,208,26,12935
126.74622448309,208,26,12947
126.785873574604,206,25,12976
126.82531426539,205,25,12986
126.863586659412,204,25,12886
126.903679445736,209,25,12941
126.94281641528,211,25,12879
126.983208507906,211,25,12820
127.022651863111,214,25,12921
127.062952249412,216,24,12934
127.102108142899,219,23,12906
127.143830583223,217,23,12790
127.183944499492,217,23,12670
127.225481710919,216,23,12584
127.267219430268,216,22,12527
127.311968436658,216,23,12448
127.353116705613,212,25,12445
127.392498208513,214,26,12553
127.431287804467,216,26,12643
127.469490102149,216,26,12708
127.50700033663,218,26,12718
127.548118174771,218,26,12694
127.58811966847,220,26,12649
127.627002105341,220,26,12659
127.66548930872,219,26,12734
127.704862140651,218,25,12699
127.74515313679,218,25,12609
127.785394466289,218,25,12559
127.824677882509,217,25,12607
127.865997719328,216,25,12473
127.904556545173,216,25,12538
127.944005398945,217,25,12547
127.985054460584,217,25,12533
128.024177893988,216,25,12485
128.065676892055,216,25,12453
128.106289016344,213,25,12385
128.145635428167,212,25,12466
128.185196259065,211,26,12533
128.223512413098,209,27,12622
128.261412177256,211,27,12698
128.299737987765,212,25,12647
128.338805946772,212,25,12640
128.380516675418,212,24,12618
128.422001774811,212,23,12567
128.463762869547,211,23,12453
128.504705492441,210,24,12352
128.543887855748,211,24,12361
128.585736316766,213,23,12272
128.628713845646,211,23,12204
128.670243014402,211,23,12161
128.712882192155,212,23,12168
128.754368626038,213,23,12033
128.796889650638,213,23,12061
128.839442048848,215,23,12001
128.882062264037,216,23,11979
128.925991118743,217,23,11951
128.968255629883,213,24,11868
129.010325249501,215,22,11794
129.056459312786,212,22,11740
129.100029794844,212,22,11752
129.142541168823,212,22,11674
129.186254445513,212,23,11707
129.230085103978,213,23,11704
129.273764362826,213,24,11804
129.315994630351,213,23,11832
129.359997281976,214,23,11857
129.405280458895,214,21,11863
129.449297601084,213,22,11828
129.494267022842,213,22,11808
129.537150570943,212,22,11812
129.582419986077,212,20,11689
129.627439543179,210,21,11624
129.671508244262,210,22,11523
129.715091220329,214,22,11481
129.758520786855,215,22,11439
129.802455613402,214,23,11391
129.844137552866,214,24,11413
129.884658045102,213,24,11509
129.926591433048,210,25,11596
129.967359668227,209,25,11684
130.00771001825,209,25,11801
130.047884167315,207,25,11867
130.087948225733,208,24,11929
130.130237532321,209,24,11942
130.172495972687,210,24,12023
130.213882918744,212,24,12036
130.254786487361,212,25,12087
130.295400050337,212,25,12114
130.335345030572,211,25,12183
130.374041942785,212,25,12253
130.415988964657,212,22,12188
130.458517989338,213,22,12027
130.500389858077,215,21,11992
130.546804039117,215,21,11858
130.592551283402,214,21,11740
130.636813716456,214,22,11683
130.681921056835,213,22,11538
130.72829436958,215,21,11495
130.772865713331,215,21,11391
130.819132091326,215,21,11409
130.865029095277,214,21,11351
130.912118184965,213,21,11275
130.958442366331,213,21,11288
131.003912645284,214,21,11169
131.048806550555,214,21,11213
131.095559169066,214,21,11171
131.142641815329,215,21,11126
131.186824693218,214,22,11111
131.232662649387,215,21,11121
131.279109708266,214,21,11139
131.322898245189,214,21,11115
131.369790884989,216,20,10946
131.418440113533,216,19,10813
131.467778117741,217,19,10720
131.518932090281,213,20,10644
131.56709828547,212,21,10572
131.613574916649,212,21,10584
131.660781490558,209,22,10621
131.707658278991,210,21,10647
131.755851411388,210,21,10655
131.80516491988,212,20,10619
131.852933691447,214,20,10651
131.901642735051,213,20,10604
131.949311085627,213,19,10551
131.999324814226,213,19,10409
132.051029407586,214,18,10314
132.104771274667,214,18,10108
132.158525990463,212,17,9945
132.214490774641,213,16,9836
132.27262680316,214,16,9688
132.327536017146,213,17,9511
132.383372465309,214,16,9367
132.440252991018,212,16,9220
132.497613668545,212,16,9208
132.556572091928,213,16,9133
132.613255710577,213,15,8943
132.671781257376,212,15,8835
132.733454049033,211,14,8648
132.797706809635,212,14,8420
132.862462126528,216,14,8288
132.92780072746,214,16,8172
132.99183529165,213,17,8223
133.051501832678,213,17,8251
133.112399310424,213,16,8293
133.173499178626,214,17,8295
133.234563631977,214,17,8283
133.290377111428,213,17,8331
133.349093565958,214,16,8381
133.407796861155,213,17,8382
133.46588541317,213,18,8408
133.523451082533,213,17,8426
133.582724028263,213,17,8457
133.641012900772,214,16,8465
133.704424408888,215,15,8395
133.76713391802,215,16,8267
133.829844229223,215,16,8193
133.891539561447,214,16,8182
133.952697026764,214,16,8218
134.015751300692,213,15,8269
134.079002146381,209,16,8276
134.141253738542,207,16,8236
134.203544290624,208,15,8150
134.270400505398,208,15,8071
134.336259212195,207,15,8097
134.398928144541,206,15,8106
134.462399986107,205,17,8147
134.524339847108,204,16,8099
134.587567836555,202,16,8103
134.647984344737,202,17,8119
134.708256784824,201,17,8143
134.766070761557,200,19,8256
134.822644881825,200,19,8383
134.878504414572,198,19,8507
134.932705008478,198,19,8601
134.988729892903,200,17,8563
135.049646931498,200,17,8560
135.108600880064,202,17,8570
135.166927343042,203,16,8517
135.225469258706,201,17,8514
135.284509337207,201,16,8539
135.341819270386,200,17,8496
135.399955788348,198,18,8537
135.456545826042,197,18,8583
135.511934437828,194,18,8580
135.56699939504,193,19,8642
135.622011619635,193,19,8699
135.676193793536,193,19,8725
135.731539879998,195,19,8843
135.785150981077,196,18,8783
135.839612397713,195,18,8855
135.896401277451,194,17,8878
135.952839637453,194,18,8794
136.006038133198,194,19,8900
136.061197225303,194,19,9048
136.118001712776,193,19,9050
136.17198757049,193,19,9079
136.225889418634,195,19,9163
136.279371786463,195,19,9193
136.330691961592,195,20,9278
136.381311262543,194,21,9411
136.429270143821,192,22,9467
136.477669877379,193,22,9602
136.525801352807,194,22,9807
136.573166649682,193,22,9967
136.622585304923,194,22,10082
136.670482740223,192,22,10148
136.718814756304,193,22,10173
136.765865521635,195,22,10281
136.813423559635,195,22,10350
136.860388157558,195,21,10381
136.907282315344,196,21,10416
136.955987244107,197,21,10491
137.004389533143,196,21,10517
137.051849603754,196,21,10454
137.098780554614,196,21,10400
137.147945144867,197,19,10331
137.197857273983,197,19,10287
137.247251161867,195,20,10265
137.294832696306,193,21,10286
137.342409150403,192,21,10241
137.391273507582,193,21,10304
137.437826301099,192,21,10346
137.486599219127,191,20,10403
137.537289353422,194,20,10314
137.585489416973,194,20,10335
137.636317231639,194,19,10246
137.688663401525,194,18,10088
137.741034856117,194,18,9972
137.797866518723,195,16,9797
137.855894836684,195,16,9654
137.911896061417,195,16,9464
137.970314606,196,16,9215
138.028413051514,192,17,9174
138.086838593099,192,17,9192
138.141939305743,191,18,9115
138.197859336345,190,17,9124
138.254460029597,189,18,9154
138.308560854727,188,19,9261
138.362635697819,188,19,9281
138.415423869475,189,19,9258
138.465704641388,190,19,9273
138.519432229067,188,18,9320
138.577505626589,186,17,9273
138.632180292878,187,18,9220
138.683930458739,186,17,9189
138.741267813738,186,17,9053
138.798457582955,189,17,9009
138.854884567763,187,17,8912
138.912309519379,188,18,8893
138.96757390817,188,18,8875
139.022980513613,189,18,8829
139.080386951181,188,19,8946
139.134716432257,187,19,9044
139.187116953932,188,19,9077
139.240984833063,188,19,9099
139.294197819809,187,19,9150
139.347314307741,187,18,9142
139.402524660679,187,18,9131
139.456114873342,186,18,9092
139.511999606892,187,18,9107
139.564461376767,188,18,9031
139.621624085545,189,18,9006
139.677996409057,189,18,9053
139.734465541849,191,18,9063
139.790231398305,192,18,9080
139.846166643667,193,18,9099
139.902319095009,193,18,9141
139.958871084971,194,18,9140
140.013747240786,192,18,9134
140.071946590814,192,19,9130
140.127738976181,193,19,9191
140.181566262457,191,19,9175
140.235698884866,192,19,9206
140.290547352863,193,19,9202
140.34381525985,192,19,9240
140.397510080221,192,19,9244
140.452685239356,192,18,9335
140.507277583853,193,17,9243
140.563577608987,193,17,9200
140.618851242644,196,17,9184
140.675057263369,194,18,9127
140.729874783679,196,18,9128
140.786037622265,195,17,9167
140.843349178618,197,17,9142
140.901473819171,197,17,9094
140.95836158756,198,17,9073
141.018890574884,201,16,8955
141.07910476247,199,15,8862
141.14010042106,198,16,8702
141.201265644745,198,15,8597
141.265443352394,199,15,8454
141.326692302961,199,17,8432
141.384471211377,200,17,8504
141.444785229326,200,17,8549
141.502708081821,200,18,8627
141.55901227899,198,19,8700
141.615068501465,196,18,8676
141.673574264764,197,18,8639
141.729708538645,196,19,8722
141.783308035109,193,20,8839
141.836683314382,195,19,8832
141.892146507149,195,19,8873
141.946035080694,196,19,8977
142.001081963817,195,19,9067
142.05430950092,194,19,9139
142.105550213679,194,19,9175
142.157927112874,195,20,9264
142.209651526806,195,20,9370
142.263031016397,195,19,9349
142.312383141296,194,20,9440
142.36296274409,195,20,9478
142.41527974815,195,20,9593
142.46668768505,197,20,9675
142.517845529706,197,20,9779
142.570424591432,196,20,9781
142.620853580308,195,21,9806
142.671245236932,193,22,9823
142.720158527897,193,21,9882
142.771399048922,196,21,9939
142.820692939628,197,21,9974
142.86994787778,195,19,9962
142.921416327969,195,20,9930
142.97414197503,196,19,9846
143.023173676385,196,19,9816
143.074638977844,194,19,9876
143.127104637542,195,19,9865
143.180198838589,195,19,9770
143.232035680892,193,19,9782
143.283865721175,194,19,9755
143.334492049466,195,19,9710
143.384324792445,191,20,9791
143.438371372176,189,17,9707
143.494296570243,189,17,9607
143.54968018014,187,17,9527
143.60354814329,187,16,9435
143.663521209851,188,15,9237
143.723579723675,189,15,9067
143.785339130138,187,16,8854
143.848614903494,188,16,8751
143.906808085706,188,16,8722
143.967353051252,189,16,8577
144.029824849959,190,16,8515
144.090497391937,191,16,8522
144.150489124376,191,16,8493
144.212566729081,189,15,8454
144.274645536963,188,14,8383
144.338387571666,189,14,8202
144.402164526947,189,15,8014
144.468218854682,189,14,7940
144.536072933868,190,13,7800
144.60481774362,189,14,7589
144.673102887025,190,14,7510
144.741826791419,186,14,7468
144.810159767248,188,15,7376
144.877544858452,190,14,7395
144.946723971302,189,14,7363
145.017515019783,190,14,7274
145.089322876119,192,14,7244
145.159088688449,192,14,7151
145.229218566744,194,15,7226
145.296768120577,195,16,7311
145.362861981463,193,16,7379
145.424670596383,192,17,7545
145.484829034292,190,18,7646
145.544921769405,192,18,7820
145.604236227901,192,18,7969
145.664046592215,191,19,8114
145.720683113079,191,19,8258
145.777752134537,194,18,8364
145.836077561472,192,18,8426
145.892847309907,192,19,8526
145.948224420623,192,19,8642
146.003312377223,192,19,8732
146.056586282193,192,19,8887
146.112064749577,192,17,8990
146.169988315162,192,17,8864
146.227726188762,191,17,8842
146.284137483493,192,17,8803
146.343921911997,191,17,8833
146.401442197529,193,17,8821
146.458837496164,194,17,8792
146.518930663377,194,17,8843
146.577985912678,194,17,8734
146.634695102471,199,17,8627
146.693257266682,197,17,8669
146.74944318933,197,17,8602
146.807539865491,197,17,8564
146.864995843306,197,17,8579
146.924115272047,196,16,8550
146.985157655645,196,15,8452
147.048167614084,196,15,8344
147.110796827886,195,15,8260
147.175709802494,193,15,8179
147.237891077712,193,15,8103
147.303879585287,194,14,7936
147.372301593965,195,14,7861
147.440521817444,195,14,7766
147.507735318407,194,14,7682
147.577952988076,197,14,7617
147.645747437418,200,14,7552
147.717107237269,201,14,7439
147.789634320968,202,14,7433
147.85683008122,202,14,7398
147.926998569923,202,14,7309
147.996636648043,200,14,7267
148.064154033794,199,15,7288
148.130298332912,198,15,7356
148.19778604274,198,15,7334
148.262783268573,200,15,7363
148.328115354124,198,16,7406
148.393998540662,199,16,7539
148.457327890078,195,17,7600
148.518466056054,190,17,7774
148.57807152215,190,18,7908
148.637123247413,188,19,8045
148.697343838144,191,18,8220
148.754732336303,192,18,8345
148.813286155869,193,18,8412
148.872479592722,196,18,8484
148.928590362496,197,18,8554
148.984986225824,197,19,8610
149.038526575072,197,20,8733
149.091544870853,196,20,8843
149.14647365313,197,20,8966
149.198912093272,198,20,9081
149.249199442307,199,21,9184
149.298749184932,199,22,9354
149.349316616306,199,22,9475
149.399353490905,201,22,9675
149.448156472605,202,22,9731
149.496742519412,202,22,9913
149.54302241447,201,23,10138
149.589530077999,200,23,10292
149.635466482293,198,23,10456
149.679422396967,198,23,10584
149.726794013178,199,22,10637
149.77363065068,197,22,10667
149.820869019391,197,22,10706
149.867658806373,198,22,10850
149.913753442437,197,23,10913
149.957679837284,197,23,10981
150.002000351807,197,23,11115
150.04706825346,199,23,11187
150.090746159483,198,23,11241
150.135054099739,199,23,11234
150.177694313498,198,24,11293
150.221574245365,199,24,11344
150.262745134221,197,24,11301
150.306546802981,195,24,11351
150.348219901261,195,24,11449
150.3922321036,197,24,11429
150.434640034391,198,24,11515
150.476400619492,199,24,11604
150.518947738501,199,24,11688
150.56354406462,199,24,11686
150.604765821157,200,24,11728
150.647821461467,200,23,11705
150.689144478587,203,23,11732
150.731164297315,203,23,11757
150.77363116522,202,23,11755
150.815606330408,202,23,11719
150.859650732695,199,24,11706
150.90428504377,196,23,11681
150.94812976318,194,23,11667
150.990493708292,192,25,11675
151.031022649955,189,26,11816
151.071610275349,190,24,11853
151.114427144051,190,24,11946
151.156571767906,189,23,11961
151.200737778187,189,23,11978
151.244435560637,190,22,11870
151.286918523153,190,22,11844
151.332902992493,188,23,11791
151.375744552955,186,23,11851
151.417920277666,186,23,11795
151.461238298863,189,23,11840
151.502940051658,190,22,11796
151.547151438356,190,22,11752
151.592488043482,190,21,11662
151.635016535121,192,20,11581
151.681754953792,193,20,11466
151.731997328257,193,20,11404
151.77643068672,193,21,11326
151.82310147356,195,20,11248
151.870329466777,196,20,11141
151.917695251284,198,20,11035
151.965637451875,198,20,10939
152.014562305537,198,19,10779
152.063692418752,198,18,10651
152.115750490738,200,18,10455
152.168386341591,201,18,10268
152.221437628,202,18,10099
152.275122683342,200,19,10004
152.328460886064,201,19,9949
152.381883705334,201,18,9848
152.433122508092,204,18,9734
152.488093961975,204,18,9666
152.542433502641,204,18,9563
152.594441656048,202,19,9597
152.649078139884,202,19,9618
152.701060611422,204,19,9634
152.751903473184,202,20,9653
152.800150259338,202,20,9719
152.848583518588,202,20,9736
152.900914080058,202,19,9704
152.95167713152,201,19,9711
153.007292926717,201,19,9723
153.060851986538,200,18,9693
153.114313573131,199,18,9617
153.16832909002,199,19,9578
153.221225481969,200,19,9633
153.273726443198,201,19,9573
153.326377907078,201,19,9572
153.37508798142,199,20,9564
153.425564497102,199,21,9602
153.474590439582,198,22,9707
153.524214053748,198,22,9759
153.571910000168,198,22,9866
153.620468007231,198,22,9992
153.668132167882,198,23,10128
153.714072353153,198,23,10332
153.757720105624,198,23,10416
153.80279272613,198,23,10528
153.849388807341,199,22,10622
153.894526443306,198,23,10758
153.939184502798,197,24,10901
153.983444760202,198,24,11016
154.025956149897,198,25,11070
154.069699247404,200,24,11236
154.111383346477,200,24,11334
154.154523418935,200,24,11383
154.197853651666,202,25,11419
154.240330316251,202,25,11529
154.283640838927,203,23,11632
154.325892226196,203,23,11650
154.369049029922,204,22,11625
154.413767969868,204,21,11565
154.459977377836,203,21,11471
154.503676248278,202,22,11469
154.54914852023,203,22,11448
154.594224365369,202,23,11388
154.638065978905,202,23,11402
154.681503992734,201,24,11441
154.724661401361,200,24,11451
154.765753640479,199,24,11430
154.805740736214,200,24,11432
154.850062418989,202,23,11395
154.893118030637,201,24,11367
154.935186475897,201,22,11393
154.97977043566,201,22,11403
155.024955009574,200,22,11427
155.067777738723,198,23,11352
155.112727135492,197,22,11370
155.156705624676,197,22,11338
155.202916948912,197,22,11281
155.247981308946,198,22,11334
155.292265313534,195,23,11377
155.33505959423,193,23,11457
155.378612385288,195,22,11420
155.423456834611,194,21,11445
155.467955894404,195,21,11346
155.513472445443,195,22,11323
155.557760603639,195,22,11247
155.603317717657,194,22,11249
155.646639479191,194,22,11221
155.691169092881,193,22,11179
155.736225836443,197,22,11090
155.781772560026,197,23,11130
155.825230177206,197,23,11221
155.867548113246,199,23,11319
155.910103732285,196,24,11374
155.954994214531,196,22,11359
156.001231748472,197,21,11343
156.047224664903,198,21,11224
156.092572807189,198,21,11158
156.137343984091,197,21,11118
156.184595098117,197,21,11060
156.230161947636,197,21,10996
156.276481721487,198,21,10874
156.324494317131,198,21,10869
156.371669299055,199,21,10926
156.418862915151,199,21,10925
156.465380309089,199,22,10901
156.510426536026,200,22,10910
156.55708696297,201,22,10941
156.601755653191,200,22,10837
156.647747446378,200,22,10881
156.694281981912,197,23,10936
156.739583890273,197,23,10982
156.783401283983,198,23,11009
156.828838485101,197,22,11059
156.873912280276,198,23,11104
156.916950793549,195,25,11159
156.958848531963,195,25,11332
156.999865853889,196,25,11445
157.041908818126,198,25,11587
157.082527286087,197,27,11666
157.121433943649,197,27,11809
157.161278204408,200,26,11967
157.202905935095,203,24,11996
157.244298754447,207,24,11974
157.286051632232,206,24,12013
157.329579719857,202,24,11995
157.372072493518,202,24,11989
157.412351726253,201,24,12036
157.455061091991,198,25,12097
157.495912245252,197,24,12148
157.539287150797,196,26,12167
157.580834019249,196,26,12247
157.620841648539,194,26,12267
157.661125408462,193,24,12270
157.702765203974,194,24,12321
157.743196398208,194,24,12328
157.783538944703,192,24,12345
157.826998614687,193,23,12296
157.870559108262,192,24,12344
157.911243509061,192,24,12360
157.953020669088,192,24,12308
157.994528397206,192,24,12323
158.035447512265,191,24,12217
158.076446599188,194,23,12191
158.1186659171,190,22,12074
158.163640006615,191,22,11995
158.207307192506,192,22,11924
158.251526651221,191,22,11868
158.297257034568,187,22,11766
158.340690322222,186,23,11829
158.384106777024,188,24,11747
158.427703077786,192,24,11765
158.467933047452,190,26,11826
158.508565357337,192,26,11852
158.549000440423,193,26,11951
158.588193770748,194,25,12079
158.628637764437,193,25,12060
158.670320211454,194,25,12079
158.710866531463,194,24,11981
158.753390849546,194,24,12029
158.795480762175,191,23,12017
158.837923473917,192,23,11980
158.880416474558,193,23,11902
158.924026282519,193,23,11898
158.966177115864,193,23,11862
159.011786287261,193,22,11861
159.057091410241,193,22,11781
159.10148805234,193,23,11755
159.144024177904,194,23,11718
159.185145917185,196,23,11726
159.227667806085,196,23,11708
159.271011662929,194,24,11699
159.312853675022,193,26,11790
159.35519543756,192,27,11879
159.394710949621,191,28,12082
159.432273775281,192,28,12247
159.470661203062,193,28,12326
159.509469951594,194,28,12451
159.547372973372,193,27,12596
159.586433016668,191,27,12653
159.626023783311,190,25,12617
159.665813044401,189,25,12621
159.705075294613,191,25,12609
159.746219759328,190,26,12626
159.785790912499,187,26,12642
159.823040670454,186,26,12730
159.862640575291,187,26,12762
159.901885523113,188,26,12771
159.940055239582,188,26,12805
159.980723659414,188,25,12858
160.02041174297,188,25,12856
160.059465672437,188,24,12847
160.099617382074,186,24,12743
160.139816143658,185,25,12727
160.181250430126,184,25,12655
160.221987777477,184,25,12632
160.260893545324,186,25,12630
160.299387555992,185,26,12625
160.337714527095,185,27,12580
160.375922083438,186,27,12647
160.413933156983,184,27,12759
160.452097575523,183,27,12843
160.489351784421,183,27,12947
160.527233038411,184,27,13006
160.565776503508,183,27,13096
160.603755521575,183,27,13114
160.642096926758,182,28,13199
160.679567270323,183,27,13257
160.716357392098,183,27,13230
160.754773821199,183,27,13263
160.791315919612,184,27,13342
160.826398619982,184,27,13458
160.864663335296,181,26,13499
160.903139081878,182,26,13504
160.941364165594,183,26,13481
160.980025286106,181,26,13449
161.019434038188,181,26,13383
161.056617541001,182,26,13412
161.094573031511,183,26,13351
161.130827188084,181,28,13400
161.167490337858,181,28,13495
161.204839000785,183,28,13568
161.239826173255,185,28,13616
161.275745729926,185,28,13634
161.312033064343,186,28,13669
161.347831273326,185,28,13705
161.385306921673,185,28,13686
161.421156659587,185,28,13769
161.45665719191,186,28,13807
161.490987532798,184,28,13835
161.528518547292,183,28,13813
161.564499301617,183,27,13790
161.601717787262,184,27,13763
161.638856312199,184,27,13743
161.676149709014,184,26,13690
161.713357399656,183,25,13577
161.752641188018,183,25,13555
161.791202422642,180,25,13552
161.830372708317,180,25,13441
161.869762972453,181,25,13385
161.908205164364,181,25,13377
161.944942918366,181,25,13386
161.983036285089,184,24,13402
162.02213708404,186,24,13304
162.061148773074,186,25,13245
162.101106471355,184,26,13221
162.137385099673,181,26,13189
162.177095972341,181,26,13130
162.215323311575,182,26,13027
162.253867486689,182,27,13091
162.292170565957,181,27,13197
162.330266928986,179,28,13282
162.367663376689,179,28,13345
162.404637293879,182,28,13390
162.441545739067,181,30,13423
162.475735672946,182,30,13546
162.512745793077,182,29,13697
162.547424033005,182,29,13696
162.582288619992,178,29,13818
162.617625352721,179,29,13815
162.653594913174,180,29,13858
162.688521757786,181,28,13798
162.725482494537,185,27,13769
162.761359880869,187,27,13724
162.797681523148,187,26,13671
162.834439866314,189,26,13607
162.872998421388,190,26,13590
162.909379455801,189,26,13633
162.947566376236,190,26,13560
162.985838074752,191,25,13500
163.023771130741,191,25,13392
163.06328020456,190,26,13299
163.099830614413,190,26,13322
163.139467364278,190,25,13298
163.177728199753,187,26,13275
163.214706183199,187,26,13302
163.252746615124,188,26,13375
163.291515587957,188,26,13312
163.32879389969,189,26,13286
163.366821758787,190,26,13269
163.406338973863,190,26,13277
163.44585859847,190,25,13301
163.484474683075,188,25,13299
163.521822692159,187,26,13187
163.559900147028,186,26,13115
163.598218884769,185,27,13108
163.635135639227,184,27,13180
163.671949069531,185,27,13174
163.709010348434,182,27,13164
163.746335826173,180,27,13104
163.783717851214,181,27,13158
163.822407681841,180,27,13228
163.857973321297,180,27,13341
163.89569171617,180,27,13370
163.932913007479,180,27,13347
163.972085842118,181,26,13236
164.011877415477,182,25,13157
164.050405689876,182,26,13051
164.089877920362,183,25,12951
164.128829687804,183,25,12831
164.167738904582,184,25,12807
164.206910965613,183,26,12874
164.245482767579,181,29,12980
164.282750308441,182,29,13027
164.3187452777,181,30,13094
164.353598643189,180,30,13234
164.391201893277,179,30,13357
164.426558005526,180,30,13489
164.460483292564,182,30,13612
164.495498833341,182,30,13668
164.530112487914,183,29,13707
164.565130053651,182,29,13757
164.599662355138,182,30,13774
164.633621176934,182,30,13856
164.66969260731,182,30,14014
164.703492756793,181,30,14042
164.738745721595,182,30,14117
164.772446835771,182,30,14187
164.808003012368,182,30,14286
164.842027614541,182,30,14241
164.876370239381,184,30,14337
164.909840224655,181,30,14377
164.943463064737,182,28,14389
164.979832037855,182,26,14425
165.016784362851,181,26,14335
165.052084165095,182,26,14246
165.088802882078,182,26,14178
165.127272755557,184,26,14050
165.163892364458,185,26,13935
165.200298053052,185,26,13813
165.238333895662,185,27,13773
165.276536723881,184,27,13709
165.315604547095,183,27,13823
165.352083294644,187,27,13805
165.388419108155,186,27,13791
165.426322300894,186,27,13778
165.462918506753,185,27,13774
165.500063734866,185,27,13822
165.537446571458,186,27,13824
165.574216203916,183,29,13833
165.610373000867,180,29,13827
165.645006796509,180,29,13926
165.681026093367,180,29,14002
165.716158217587,177,29,14020
165.752751824324,178,27,14025
165.788720751124,177,27,13971
165.825759952789,178,27,13975
165.861390183222,178,27,13942
165.899667498488,181,27,13949
165.936754551443,181,27,13928
165.973006252831,180,27,13904
166.010770693415,180,26,13821
166.048669194653,182,26,13755
166.085199208258,182,26,13765
166.123923577451,179,26,13760
166.161189001169,177,25,13737
166.199212768509,177,25,13625
166.23756470053,178,25,13442
166.276330928722,178,24,13309
166.315182155885,176,23,13186
166.355923696599,176,23,13022
166.397364476349,176,23,12914
166.440437203763,176,22,12732
166.485228666821,176,22,12550
166.52744934856,176,22,12439
166.570707818368,177,22,12408
166.613840614667,176,23,12241
166.65475612781,176,23,12227
166.69818630085,177,23,12194
166.740352140961,177,23,12208
166.783118276025,177,22,12172
166.826382310368,178,22,12084
166.869713021317,179,22,11945
166.912672228769,179,22,11890
166.957376779749,179,21,11807
167.002547425952,179,21,11693
167.048339364463,180,22,11559
167.092644806717,180,21,11489
167.137724869311,181,19,11282
167.185683378167,180,20,11176
167.234029882317,180,20,11072
167.279180825785,180,21,11064
167.325538255324,179,21,11010
167.372712223639,179,21,11115
167.419179636345,179,21,11048
167.466114160124,178,21,10951
167.514730403788,181,21,10964
167.560107540266,181,21,10884
167.60637806137,181,22,10859
167.650543338892,180,22,10863
167.695207831849,179,22,10879
167.742588850516,180,22,10932
167.78916715533,183,22,10961
167.835424622884,183,22,10998
167.880288803748,186,23,11093
167.92424760578,184,23,11095
167.969505904201,184,22,11122
168.015798599624,185,21,11131
168.062978562905,185,21,11009
168.110220151906,184,21,10894
168.154581661994,185,21,10865
168.202332996428,184,21,10823
168.24875297444,183,21,10738
168.295564398209,179,23,10738
168.339360454573,180,23,10831
168.384306302019,179,23,10887
168.428759193843,179,23,10913
168.474487411794,180,22,10998
168.519850704717,179,23,11063
168.564308895107,181,25,11155
168.604686764041,181,25,11219
168.646439927921,180,25,11251
168.689356440168,179,26,11429
168.732185026189,178,26,11574
168.774322399641,179,25,11696
168.816696515014,177,24,11738
168.857905965646,177,24,11796
168.898156522967,178,24,11871
168.93949269413,177,24,11899
168.981181636069,176,24,11900
169.023576603918,175,24,11916
169.066368958211,175,23,11953
169.108061372169,176,21,11926
169.152491045166,173,21,11888
169.197470884807,174,20,11743
169.244939831454,172,20,11575
169.290879042259,173,20,11484
169.338241313782,173,20,11340
169.384122222184,176,20,11232
169.431126159563,175,20,11124
169.477573700308,176,19,11028
169.526395958007,176,20,10882
169.575286862217,175,20,10850
169.622317683337,174,21,10922
169.667915195641,174,21,10906
169.716304813585,175,21,10905
169.766374921859,175,19,10831
169.814285479407,175,19,10645
169.863232783303,175,19,10560
169.91141102919,173,20,10503
169.961176316948,172,20,10480
170.009515220423,172,20,10434
170.058964350889,172,20,10440
170.111007173834,170,20,10278
170.160788208652,171,19,10214
170.211528571539,170,19,10158
170.26349006393,171,19,10161
170.314886887895,172,19,10099
170.36697030182,172,19,10033
170.419410806495,172,18,9900
170.471306518978,173,18,9802
170.524323737332,175,18,9663
170.578987479293,175,18,9608
170.63177627234,176,18,9516
170.685269511116,176,17,9452
170.740336608846,176,17,9352
170.79459153403,172,18,9180
170.850540545088,171,19,9165
170.899918884299,171,20,9279
170.95054574829,170,20,9368
171.00193752078,172,20,9398
171.052998959208,171,21,9502
171.10141671811,171,20,9632
171.152574333157,170,20,9636
171.203508316831,173,19,9651
171.256749605583,174,19,9675
171.311212998308,175,18,9657
171.364074371784,175,19,9587
171.415690566239,176,19,9592
171.4657001991,176,20,9613
171.517146172152,176,19,9641
171.569851817798,176,19,9601
171.620413127982,174,21,9588
171.670316664775,174,21,9675
171.719137173877,175,20,9755
171.770730936887,174,20,9841
171.821708545778,177,19,9844
171.873202933224,177,20,9887
171.923101254929,178,20,9924
171.974189046783,179,19,9902
172.026815074642,179,19,9883
172.079008562032,179,19,9864
172.13200411238,175,19,9792
172.185470958975,175,19,9711
172.238444995782,176,19,9710
172.289532296138,177,18,9700
172.339841813159,177,20,9678
172.393250364696,177,19,9725
172.447033437212,178,19,9806
172.497930917511,179,19,9739
172.548829856034,179,19,9687
172.599163261544,179,19,9687
172.65083746855,179,18,9647
172.707390721282,176,19,9605
172.759325344878,179,19,9629
172.815954304941,180,18,9599
172.871915361987,182,17,9504
172.928127053353,182,17,9449
172.985465437033,183,16,9276
173.043851142517,181,16,9070
173.102683919934,181,16,8986
173.159378632074,181,16,8850
173.22243569968,182,16,8749
173.279220850364,182,16,8765
173.338229058139,181,16,8657
173.398055874226,181,16,8646
173.458569350828,183,16,8562
173.51924977572,184,17,8548
173.580202839906,184,17,8510
173.639636317173,183,18,8532
173.696826651726,184,18,8645
173.754204086611,183,18,8735
173.809964693864,184,18,8764
173.868367763937,184,18,8753
173.924690385127,185,18,8807
173.982849621415,185,18,8798
174.038690056793,184,18,8864
174.094049698121,184,18,8869
174.153730890338,184,18,8850
174.211742439279,183,18,8932
174.266693024493,181,19,8915
174.321748558939,180,20,8927
174.373905526348,181,20,9087
174.425534705504,183,20,9200
174.480830933181,183,20,9271
174.533578365048,182,21,9405
174.583293152194,180,22,9562
174.630268380128,180,21,9653
174.678534956231,178,22,9676
174.724805563959,178,22,9815
174.769828309449,177,24,9990
174.815402749162,177,24,10143
174.860578700346,176,25,10337
174.903954988876,175,24,10554
174.948340153657,176,24,10756
174.992697746,177,23,10797
175.038390235325,175,23,10851
175.085556587444,174,22,10896
175.131181586934,176,22,10902
175.176255590316,176,22,10954
175.220761438081,177,22,10935
175.268706168796,178,22,10930
175.315443191594,176,22,10932
175.361542580148,177,22,10878
175.405298228254,177,22,10940
175.449220596871,177,23,10988
175.494614891264,175,23,11064
175.539308229681,175,23,11142
175.583931230253,175,23,11234
175.625782629126,178,23,11331
175.670707623291,177,23,11370
175.715170430906,176,23,11350
175.759714885161,176,22,11289
175.80640527737,177,21,11298
175.851041429815,177,21,11189
175.89718393849,175,21,11169
175.943863880037,176,21,11118
175.990231939892,175,20,10993
176.039499929658,176,20,10862
176.08826868844,177,21,10787
176.133057819701,176,22,10794
176.18086003132,176,22,10750
176.227733912572,175,23,10797
176.274350854197,177,22,10730
176.321528335269,178,22,10787
176.367500203033,175,23,10843
176.410608296691,174,23,10913
176.455335039631,176,23,11005
176.499556452064,176,23,11109
176.543357160584,176,24,11183
176.587995568834,178,24,11319
176.63146766012,180,24,11344
176.674349758587,181,24,11356
176.716805912984,181,24,11524
176.757652492529,181,25,11558
176.79799108354,181,25,11666
176.838844122219,181,25,11777
176.879514385298,180,25,11855
176.917931061943,182,26,11885
176.95836202587,181,26,11941
176.997135202339,180,26,12008
177.03446452102,182,27,12060
177.074268184598,181,26,12091
177.113818512271,182,26,12260
177.152477974295,179,26,12378
177.19192170195,180,27,12471
177.230127428156,180,27,12573
177.26990763964,180,26,12594
177.310258486638,179,25,12575
177.350480694297,181,25,12559
177.388987634413,183,25,12478
177.429663049126,183,24,12448
177.470931628767,184,25,12497
177.5096125736,184,25,12551
177.549784824511,184,25,12532
177.589726959049,184,25,12555
177.628954425349,186,25,12517
177.668919632997,185,25,12473
177.709836195321,184,25,12537
177.749589149073,184,25,12510
177.78874875822,185,25,12473
177.829261995596,185,25,12505
177.869883312468,184,25,12453
177.909586747299,187,25,12456
177.950272771142,187,25,12384
177.989812426586,188,23,12349
178.031586886761,187,23,12305
178.074597738129,186,23,12273
178.116436294226,185,23,12265
178.157525389825,186,23,12245
178.199770685757,184,23,12220
178.242339100953,184,22,12166
178.288331562349,184,22,12022
178.330766777138,182,22,11976
178.373268500224,182,22,11877
178.416137090653,182,22,11812
178.460548863496,181,22,11628
178.502991065976,181,22,11588
178.548353094821,182,22,11491
178.593375373201,183,22,11424
178.638681412872,185,21,11392
178.683690730107,185,21,11326
178.731177751919,184,20,11213
178.776925989554,186,20,11163
178.824027510873,187,20,10994
178.872217270339,184,19,10907
178.921291563393,185,19,10658
178.971452963887,183,19,10574
179.021229833733,183,19,10408
179.072250713025,183,19,10284
179.123364201019,182,19,10192
179.175722624437,180,19,10132
179.226237797896,181,19,10153
179.276711673707,183,19,10091
179.327735020598,184,19,10114
179.379247661437,183,19,10073
179.43128097207,185,19,10049
179.482411761364,188,19,9994
179.533039472463,188,19,9994
179.584375487557,187,19,10040
179.63810593025,187,19,9951
179.690051436619,188,19,9864
179.741257987213,191,19,9946
179.792646018033,192,19,9911
179.846153205254,193,19,9950
179.89793548978,193,19,9906
179.949098224549,189,20,9856
180.000439647375,187,20,9850
180.052219524478,186,20,9852
180.104478271262,186,19,9907
180.157375706805,185,19,9889
180.20726533479,185,19,9861
180.260185699388,187,19,9810
180.311330964432,187,20,9751
180.363075124031,187,20,9819
180.411313694692,187,21,9911
180.462456050595,187,21,9909
180.510872799401,185,21,9998
180.558615286497,184,21,10038
180.606569401711,185,21,9999
180.656150094527,184,21,9967
180.703876313233,183,22,10044
180.749681320079,183,22,10144
180.796617483942,184,22,10272
180.844491079527,183,22,10344
180.893141544109,185,22,10403
180.941824483227,185,22,10416
180.989241985525,181,22,10501
181.033936207942,180,23,10585
181.078556304487,180,23,10644
181.123542295876,178,23,10721
181.169895092475,178,24,10843
181.213816131782,178,23,10876
181.256837856487,176,23,10935
181.30077737643,175,24,10971
181.346133582386,177,24,11021
181.389582422228,180,25,11136
181.431887437767,181,25,11335
181.474778528145,181,24,11474
181.516396163084,181,24,11573
181.559659772138,181,23,11563
181.601942271382,181,23,11695
181.646251392272,179,23,11645
181.68763552159,179,23,11633
181.731766670518,178,23,11622
181.774791282151,178,24,11591
181.817216044439,179,24,11578
181.858899408692,177,24,11600
181.902505670116,177,23,11605
181.946018031782,177,23,11619
181.988491829276,176,23,11645
182.030300953872,175,23,11695
182.07458796453,176,23,11628
182.118001855303,176,23,11652
182.1614334621,174,22,11669
182.204367164729,174,22,11542
182.249398258102,174,22,11473
182.292262473372,174,23,11434
182.336778717631,173,21,11357
182.381187509682,174,21,11380
182.427587422275,174,21,11297
182.472795888248,175,20,11263
182.519751272726,180,20,11212
182.567668232685,180,20,11130
182.615757668328,178,21,11005
182.662902946643,179,21,10966
182.710176321459,178,21,10936
182.756422562139,179,21,10918
182.803479298278,179,22,10902
182.848365033024,179,23,10922
182.893657535447,180,22,10964
182.939970402387,179,22,10972
182.985595236343,178,22,10996
183.031561314113,179,21,10926
183.078856964196,182,21,10876
183.126292455498,182,21,10910
183.171587119584,181,22,10996
183.217332416923,178,22,11028
183.262504222436,176,21,11026
183.310897871657,178,21,10976
183.357330754392,177,21,10934
183.404453860107,179,21,10875
183.45156169134,179,21,10819
183.498949239311,182,21,10706
183.547062405627,179,20,10643
183.595332105858,178,21,10604
183.643166264083,178,21,10576
183.688124695459,177,22,10627
183.732952231629,178,22,10677
183.77734794013,177,22,10663
183.822611437878,174,24,10655
183.86611085103,174,24,10802
183.909488383206,174,24,10913
183.952348455441,174,24,11018
183.995140659228,174,24,11180
184.038454806713,174,24,11279
184.082177049008,173,24,11335
184.124144186193,175,24,11411
184.16716679388,174,24,11481
184.210232141772,175,24,11556
184.252268731324,175,24,11622
184.293788013826,174,24,11666
184.33630931231,175,24,11673
184.376901005024,174,26,11741
184.416440452126,174,26,11896
184.457872295165,173,26,11971
184.499048905527,178,26,12130
184.538132875789,180,26,12247
184.57983148833,180,25,12256
184.621282088686,181,25,12379
184.660850145129,182,25,12398
184.701261537785,184,25,12383
184.741771204127,184,24,12412
184.783140024774,185,23,12317
184.824895833536,186,23,12316
184.865907512352,186,23,12284
184.909962008569,186,23,12231
184.954843673515,187,21,12105
184.998806179338,186,21,12023
185.043955480441,187,21,11854
185.086255971255,185,22,11763
185.130557645201,185,23,11713
185.17276029599,185,22,11748
185.219010610411,184,22,11646
185.263305867466,185,22,11625
185.308200433782,185,22,11514
185.353345866403,184,21,11415
185.398419882756,185,21,11418
185.444619567729,185,20,11261
185.491926692328,187,20,11133
185.53660827316,187,21,11083
185.584409640468,187,21,11050
185.631015455657,189,21,11026
185.678061269433,188,22,11010
185.721166816041,187,23,10988
185.764385703966,187,24,11073
185.80600493083,187,24,11214
185.849092421224,189,24,11320
185.892882995363,188,24,11401
185.935901583521,187,24,11577
185.97805117618,189,24,11627
186.019709543608,188,24,11663
186.061230890853,188,24,11612
186.103626358256,189,23,11639
186.14781134806,190,23,11676
186.19046484095,190,23,11671
186.235457971302,191,23,11578
186.280141622992,193,22,11533
186.323333109582,193,23,11471
186.36826417169,195,22,11559
186.410745409077,192,24,11498
186.45408321988,192,24,11576
186.495529123785,194,24,11590
186.537675399021,193,25,11639
186.578276569601,195,26,11739
186.618682118685,194,26,11825
186.659564679076,193,26,11837
186.700239538865,194,26,11900
186.740404498087,198,26,11966
186.780765068237,198,26,12091
186.820154384213,199,25,12205
186.860460632335,198,25,12265
186.902185595816,198,25,12302
186.944361278224,199,25,12379
186.98512358752,200,24,12345
187.02789070761,201,23,12245
187.070287124706,204,23,12166
187.113312880312,204,23,12176
187.15623105189,203,22,12015
187.198523629147,204,22,11906
187.24200947045,203,23,11865
187.283289987024,203,23,11850
187.326883264545,203,24,11896
187.369516799793,204,24,11885
187.413632697657,204,24,11913
187.454228055271,203,24,11951
187.495350616511,202,24,12025
187.537102616962,201,24,12072
187.57893150104,201,24,12107
187.621477376978,203,23,12082
187.663357116296,202,24,11998
187.704217536395,199,27,12065
187.743842103454,198,27,12132
187.782713816217,199,27,12273
187.822159204072,199,27,12314
187.860713219973,200,26,12402
187.899489381011,200,26,12507
187.937614547153,199,27,12565
187.975993605972,201,27,12711
188.016017186376,203,27,12713
188.053993193354,204,27,12805
188.093592322244,206,26,12882
188.132567286862,207,26,12913
188.171056793974,208,25,12844
188.210902598,211,25,12765
188.250353893537,214,24,12707
188.291957691531,216,24,12603
188.332320619344,216,23,12619
188.373206247114,216,23,12536
188.414688734268,215,23,12420
188.456205084018,217,23,12348
188.498143081387,218,23,12275
188.540822243136,218,22,12160
188.583115857941,217,21,12109
188.627634680051,220,21,12099
188.671075814342,219,21,12010
188.716022706825,218,21,11878
188.76127857551,219,21,11721
188.806715425139,217,21,11634
188.851516229043,218,21,11431
188.895422662709,218,21,11394
188.940784509573,217,21,11350
188.986246711243,215,21,11279
189.033741213127,216,21,11244
189.078642232664,215,21,11239
189.124471782853,215,21,11160
189.171094533502,215,22,11124
189.216970374652,216,22,11098
189.264088340695,216,22,11056
189.310727846087,215,23,11108
189.35400784221,215,23,11143
189.397939794708,212,24,11193
189.441683978145,212,23,11246
189.487355840962,213,23,11274
189.53221408184,213,23,11235
189.576877710184,213,22,11226
189.621636452879,213,21,11210
189.667810259777,212,21,11232
189.714303867599,213,22,11233
189.759498501814,215,22,11181
189.803638792287,217,22,11159
189.848528587261,217,22,11139
189.896568557332,218,21,11103
189.943714425191,217,22,11047
189.989929615604,216,22,11033
190.033902841655,216,22,11062
190.079406755922,216,22,11048
190.123877072808,214,23,11061
190.168963756149,215,23,11076
190.212200178009,216,23,11073
190.256687732524,216,23,11099
190.299855637457,219,23,11188
190.343944543393,218,24,11267
190.387447465889,220,24,11333
190.430525682809,219,24,11373
190.472383749095,220,24,11325
190.514678191809,220,24,11334
190.557417470912,219,24,11364
190.599427859129,219,24,11423
190.642630338135,218,24,11447
190.684227672067,219,24,11480
190.727630568438,218,24,11500
190.770282544487,220,24,11490
190.812351522213,219,25,11549
190.855149647219,219,25,11618
190.897584876132,216,25,11668
190.940486310837,215,25,11732
190.982067324022,214,25,11802
191.023946084203,214,24,11806
191.066982006876,212,24,11705
191.109729846522,214,22,11801
191.154682055588,213,22,11686
191.197479069013,214,22,11654
191.241093355719,215,22,11615
191.284534966941,213,24,11692
191.326797808481,212,24,11734
191.368893321553,211,24,11853
191.407500529525,212,25,11953
191.450099244728,211,24,11949
191.491718421367,214,24,11930
191.533499538373,216,24,11913
191.576253224755,218,24,11914
191.618144222089,218,25,11918
191.658642627612,217,25,11984
191.698564489062,218,25,12029
191.740295068786,216,25,12103
191.781176483589,215,25,12093
191.821110741143,216,25,12172
191.862878545929,214,24,12145
191.90390302525,214,24,12167
191.945317598886,214,24,12244
191.985752768235,215,24,12211
192.029372622769,216,24,12156
192.07054153863,216,24,12098
192.111333619988,217,25,12139
192.151395722721,218,25,12121
192.192453151738,217,25,12151
192.233780889,216,24,12114
192.274414100039,215,25,12164
192.315608018474,216,25,12165
192.356696092575,214,25,12257
192.396653321076,215,25,12310
192.438592640235,216,24,12346
192.478737398052,215,26,12395
192.516819484826,216,26,12432
192.555539932054,216,26,12623
192.594774635522,216,26,12699
192.634207240408,213,26,12689
192.673589353814,214,26,12722
192.712158071386,213,26,12730
192.751516066402,213,25,12757
192.789875097212,213,26,12775
192.827137235096,214,25,12793
192.866833995419,215,25,12760
192.906586724839,215,25,12698
192.945793676692,215,25,12666
192.985872019018,215,25,12575
193.025565626996,216,25,12572
193.06624526588,214,25,12580
193.10566730202,215,25,12536
193.146436387924,216,25,12547
193.186817604389,214,25,12509
193.226823647122,215,25,12562
193.265417492552,217,25,12554
193.30563135085,216,25,12578
193.34451816026,212,27,12646
193.382700565877,212,27,12753
193.421306218518,213,27,12796
193.458976339475,212,28,12870
193.494492965829,211,29,12981
193.530593236824,213,29,13115
193.566684023486,214,29,13185
193.6017054982,216,29,13299
193.637478237059,216,29,13336
193.673561583867,214,29,13412
193.708830196173,214,29,13570
193.744591652419,216,29,13608
193.780690511194,215,29,13624
193.816492217415,215,29,13785
193.852023727962,214,29,13770
193.887055977467,215,29,13803
193.923181698804,213,29,13885
193.958343645052,212,29,13959
193.994016886579,213,29,13970
194.027967800072,213,29,14066
194.063810964162,213,29,14063
194.097170942999,214,31,14226
194.131457118184,213,31,14328
194.165008218725,213,31,14512
194.198517727617,214,31,14561
194.233200781636,212,31,14659
194.26582719688,212,30,14729
194.301286859544,212,30,14623
194.334740150908,209,31,14664
194.367317650631,208,31,14728
194.401540441677,208,31,14819
194.434783502044,210,32,14886
194.46668144242,210,31,14923
194.499407699873,212,31,14925
194.532751825542,213,31,14882
194.565138747455,212,31,14960
194.59743220159,215,31,14975
194.629637636802,212,32,15046
194.660397221665,213,32,15001
194.691345932117,213,33,15081
194.723618915126,214,32,15096
194.756322908686,213,32,15164
194.789683122977,214,30,15194
194.822769624243,214,30,15144
194.855321129397,215,31,15236
194.886995703039,215,31,15328
194.92040950113,212,30,15339
194.953340992474,212,29,15326
194.9877515495,212,28,15217
195.021681407493,212,27,15150
195.055992981347,214,27,15141
195.09034758067,215,26,15021
195.125788355688,215,26,14901
195.160605963471,214,27,14758
195.197113084429,217,27,14687
195.234563676678,217,26,14574
195.269446455544,216,27,14430
195.305271624412,216,27,14331
195.338652403689,217,27,14254
195.374841577738,217,27,14197
195.412233054208,216,27,14164
195.448450647178,216,27,14152
195.484396443515,216,27,14098
195.52073389986,216,27,13994
195.556719377164,214,27,13993
195.59535447769,213,27,13987
195.630922758951,211,27,13876
195.668461895025,213,27,13910
195.705117429931,214,27,13967
195.741110999457,215,27,13930
195.775916772226,217,26,13837
195.812839292817,218,27,13847
195.848266878256,217,27,13917
195.884999334182,214,27,13815
195.92177362882,213,28,13819
195.957149355592,212,29,13875
195.992289888737,213,29,13845
196.027336902601,212,29,13901
196.061499867342,213,29,13902
196.097004811029,215,29,13918
196.133231098951,217,29,13888
196.167710149738,218,29,13975
196.202532145507,216,29,14001
196.237128856455,214,28,14026
196.27341800811,215,28,14003
196.309717860631,217,28,14093
196.34279115244,218,29,14072
196.378011692901,217,29,14080
196.41304390636,216,29,14072
196.446424012749,215,28,14155
196.479470583558,215,28,14189
196.513788059982,214,28,14209
196.54939049498,213,28,14254
196.584984068333,210,29,14317
196.6187061194,210,29,14349
196.653894454312,210,29,14349
196.688011919878,208,29,14387
196.722489319054,208,29,14425
196.756502762341,208,29,14484
196.791465956807,207,30,14572
196.825217026274,207,30,14609
196.859058172199,206,30,14697
196.894068129374,206,29,14696
196.928594903626,203,30,14637
196.963121116753,202,29,14574
196.9969510047,202,29,14567
197.031457160196,204,28,14495
197.067318376289,208,28,14467
197.101838595677,208,28,14451
197.137851168546,209,28,14386
197.172831088812,209,28,14395
197.206978323273,211,28,14370
197.242365290768,213,28,14342
197.279269338612,213,28,14408
197.315540501882,213,28,14341
197.352403879118,211,29,14264
197.386858476691,209,29,14360
197.420620908674,208,29,14409
197.455091342561,206,30,14402
197.489037134836,206,30,14463
197.523360895115,205,30,14475
197.5577667961,205,30,14595
197.590794639633,206,30,14598
197.623625357249,206,30,14574
197.656424594563,207,30,14563
197.690336495218,207,30,14573
197.723856062582,205,30,14589
197.757437472383,202,31,14646
197.790664425645,203,31,14711
197.823564279306,203,31,14768
197.858367592139,204,30,14776
197.892926775727,203,31,14785
197.92718240342,203,31,14819
197.960236839334,202,30,14837
197.992890180536,202,30,14765
198.027001746006,203,29,14814
198.060407047276,202,28,14830
198.095695013977,201,28,14679
198.130359758972,200,28,14682
198.16651847568,199,28,14660
198.200863574937,201,28,14608
198.235417025866,201,27,14581
198.271679148948,202,27,14556
198.307815544139,200,28,14411
198.342460581085,198,30,14427
198.377149957534,199,30,14440
198.410667047113,199,30,14526
198.444722015906,199,30,14515
198.477898809857,199,32,14519
198.510372678477,202,32,14541
198.544169614787,201,32,14687
198.57720421983,201,32,14809
198.609786484722,201,31,14950
198.643188484335,202,31,14930
198.676822403504,204,31,15046
198.710153030435,204,31,15090
198.743101378233,205,31,15167
198.775189547301,205,31,15243
198.806694478094,206,31,15211
198.838837550396,207,31,15169
198.87026872667,207,31,15231
198.903731732537,208,31,15256
198.936388255945,210,31,15284
198.968970257768,211,31,15314
199.001795374437,211,31,15332
199.034719307352,211,31,15328
199.066581412909,214,31,15325
199.09862823424,211,32,15359
199.131359223819,212,32,15458
199.163544027509,214,32,15544
199.195712695076,214,32,15616
199.22708762544,213,32,15665
199.257830753403,212,32,15681
199.290185218977,210,31,15600
199.322351923851,210,31,15674
199.35409358814,210,29,15669
199.386761558536,212,29,15587
199.420449418609,212,29,15542
199.453593593127,211,30,15472
199.485954334525,210,30,15434
199.519260292745,209,31,15459
199.551860962906,210,31,15450
199.584153900906,210,30,15412
199.61700291765,211,29,15342
199.650831790187,209,29,15285
199.684561674031,208,29,15256
199.719693540497,208,28,15224
199.754137682751,208,28,15152
199.787255077823,209,28,15096
199.82101327342,209,27,15013
199.855945179258,207,27,14919
199.89000675255,207,27,14809
199.926667395685,209,27,14656
199.961555352733,208,27,14594
199.998782076301,207,24,14511
